REQUESTS=100
AVG_GET_TIME=396.250294ms
AVG_ADD_TIME=3546.291487ms
