REQUESTS=100
AVG_GET_TIME=364.506912ms
AVG_ADD_TIME=3515.879630ms
