REQUESTS=100
AVG_GET_TIME=382.953588ms
AVG_ADD_TIME=3573.302196ms
