REQUESTS=100
AVG_GET_TIME=393.317817ms
AVG_ADD_TIME=3576.265743ms
