REQUESTS=50
AVG_GET_TIME=9.665762ms
AVG_ADD_TIME=43.765102ms
