REQUESTS=46
AVG_GET_TIME=8.693986ms
AVG_ADD_TIME=36.470771ms
