REQUESTS=52
AVG_GET_TIME=11.445970ms
AVG_ADD_TIME=54.592934ms
