REQUESTS=38
AVG_GET_TIME=6.402558ms
AVG_ADD_TIME=26.324226ms
