REQUESTS=100
AVG_GET_TIME=384.478037ms
AVG_ADD_TIME=4028.698432ms
