REQUESTS=100
AVG_GET_TIME=393.731330ms
AVG_ADD_TIME=4068.736757ms
