REQUESTS=100
AVG_GET_TIME=356.978415ms
AVG_ADD_TIME=4031.587718ms
