REQUESTS=100
AVG_GET_TIME=390.224818ms
AVG_ADD_TIME=4021.786871ms
