REQUESTS=100
AVG_GET_TIME=398.616210ms
AVG_ADD_TIME=3512.423174ms
