REQUESTS=100
AVG_GET_TIME=378.185659ms
AVG_ADD_TIME=3476.760497ms
