REQUESTS=100
AVG_GET_TIME=381.416516ms
AVG_ADD_TIME=3549.308342ms
