REQUESTS=100
AVG_GET_TIME=382.579181ms
AVG_ADD_TIME=3499.711606ms
