REQUESTS=100
AVG_GET_TIME=64.204922ms
AVG_ADD_TIME=369.714803ms
