REQUESTS=100
AVG_GET_TIME=69.863610ms
AVG_ADD_TIME=393.835194ms
