REQUESTS=100
AVG_GET_TIME=68.895168ms
AVG_ADD_TIME=390.034744ms
