REQUESTS=100
AVG_GET_TIME=66.266928ms
AVG_ADD_TIME=383.932678ms
