REQUESTS=100
AVG_GET_TIME=48.628278ms
AVG_ADD_TIME=532.918550ms
