REQUESTS=100
AVG_GET_TIME=47.359452ms
AVG_ADD_TIME=527.983450ms
