REQUESTS=100
AVG_GET_TIME=49.459217ms
AVG_ADD_TIME=556.232743ms
