REQUESTS=40
AVG_GET_TIME=6.028191ms
AVG_ADD_TIME=25.430504ms
