REQUESTS=52
AVG_GET_TIME=9.695582ms
AVG_ADD_TIME=44.125481ms
