REQUESTS=56
AVG_GET_TIME=11.867116ms
AVG_ADD_TIME=52.443716ms
