REQUESTS=40
AVG_GET_TIME=9.367011ms
AVG_ADD_TIME=38.334134ms
