REQUESTS=100
AVG_GET_TIME=79.166341ms
AVG_ADD_TIME=543.176514ms
