REQUESTS=100
AVG_GET_TIME=78.833827ms
AVG_ADD_TIME=538.916715ms
