REQUESTS=100
AVG_GET_TIME=80.336584ms
AVG_ADD_TIME=519.624820ms
