REQUESTS=100
AVG_GET_TIME=80.481500ms
AVG_ADD_TIME=522.694207ms
