REQUESTS=100
AVG_GET_TIME=250.510574ms
AVG_ADD_TIME=2370.945585ms
