REQUESTS=100
AVG_GET_TIME=242.963428ms
AVG_ADD_TIME=2419.399777ms
