REQUESTS=100
AVG_GET_TIME=260.704840ms
AVG_ADD_TIME=2408.181840ms
