REQUESTS=100
AVG_GET_TIME=221.636495ms
AVG_ADD_TIME=2403.921918ms
