REQUESTS=40
AVG_GET_TIME=5.907225ms
AVG_ADD_TIME=26.033766ms
