REQUESTS=50
AVG_GET_TIME=10.023597ms
AVG_ADD_TIME=43.246327ms
