REQUESTS=42
AVG_GET_TIME=8.973259ms
AVG_ADD_TIME=38.645023ms
