REQUESTS=54
AVG_GET_TIME=11.499141ms
AVG_ADD_TIME=52.266518ms
