REQUESTS=20
AVG_GET_TIME=20.951310ms
AVG_ADD_TIME=226.228169ms
