REQUESTS=16
AVG_GET_TIME=10.254145ms
AVG_ADD_TIME=101.729390ms
