REQUESTS=16
AVG_GET_TIME=17.167664ms
AVG_ADD_TIME=187.685003ms
