REQUESTS=20
AVG_GET_TIME=22.009083ms
AVG_ADD_TIME=252.996088ms
