REQUESTS=6
AVG_GET_TIME=16.133661ms
AVG_ADD_TIME=402.707796ms
