REQUESTS=8
AVG_GET_TIME=26.187690ms
AVG_ADD_TIME=727.227541ms
