REQUESTS=6
AVG_GET_TIME=18.544533ms
AVG_ADD_TIME=508.176546ms
