REQUESTS=6
AVG_GET_TIME=13.360785ms
AVG_ADD_TIME=246.823506ms
