REQUESTS=10
AVG_GET_TIME=31.825040ms
AVG_ADD_TIME=733.729859ms
