REQUESTS=6
AVG_GET_TIME=15.636491ms
AVG_ADD_TIME=400.837464ms
