REQUESTS=6
AVG_GET_TIME=19.580895ms
AVG_ADD_TIME=644.084852ms
