REQUESTS=6
AVG_GET_TIME=13.334238ms
AVG_ADD_TIME=260.450271ms
