REQUESTS=12
AVG_GET_TIME=38.843984ms
AVG_ADD_TIME=680.001180ms
