REQUESTS=6
AVG_GET_TIME=13.395119ms
AVG_ADD_TIME=133.098318ms
