REQUESTS=12
AVG_GET_TIME=35.596772ms
AVG_ADD_TIME=571.847072ms
