REQUESTS=10
AVG_GET_TIME=25.105158ms
AVG_ADD_TIME=394.447261ms
