REQUESTS=16
AVG_GET_TIME=11.476535ms
AVG_ADD_TIME=241.973189ms
