REQUESTS=12
AVG_GET_TIME=10.598576ms
AVG_ADD_TIME=220.360091ms
