REQUESTS=16
AVG_GET_TIME=14.775228ms
AVG_ADD_TIME=309.808300ms
