REQUESTS=12
AVG_GET_TIME=9.352529ms
AVG_ADD_TIME=168.799052ms
