REQUESTS=100
AVG_GET_TIME=64.644316ms
AVG_ADD_TIME=376.248584ms
