REQUESTS=100
AVG_GET_TIME=64.609880ms
AVG_ADD_TIME=374.942464ms
