REQUESTS=100
AVG_GET_TIME=64.967824ms
AVG_ADD_TIME=392.512026ms
