REQUESTS=100
AVG_GET_TIME=67.271692ms
AVG_ADD_TIME=397.048284ms
