REQUESTS=100
AVG_GET_TIME=258.300276ms
AVG_ADD_TIME=4600.281336ms
