REQUESTS=100
AVG_GET_TIME=256.248433ms
AVG_ADD_TIME=4663.540149ms
