REQUESTS=100
AVG_GET_TIME=249.822790ms
AVG_ADD_TIME=4725.216482ms
