REQUESTS=100
AVG_GET_TIME=254.648999ms
AVG_ADD_TIME=4703.454145ms
