REQUESTS=100
AVG_GET_TIME=211.121837ms
AVG_ADD_TIME=1428.850900ms
