REQUESTS=100
AVG_GET_TIME=208.447677ms
AVG_ADD_TIME=1445.727036ms
