REQUESTS=100
AVG_GET_TIME=217.512596ms
AVG_ADD_TIME=1441.146275ms
