REQUESTS=100
AVG_GET_TIME=201.631540ms
AVG_ADD_TIME=1393.880128ms
