REQUESTS=100
AVG_GET_TIME=350.225812ms
AVG_ADD_TIME=3397.656581ms
