REQUESTS=100
AVG_GET_TIME=324.055784ms
AVG_ADD_TIME=3410.324906ms
