REQUESTS=100
AVG_GET_TIME=328.896735ms
AVG_ADD_TIME=3391.505943ms
