REQUESTS=100
AVG_GET_TIME=337.197264ms
AVG_ADD_TIME=3368.222023ms
