REQUESTS=100
AVG_GET_TIME=407.206120ms
AVG_ADD_TIME=4329.351940ms
