REQUESTS=100
AVG_GET_TIME=407.133002ms
AVG_ADD_TIME=4385.899233ms
