REQUESTS=100
AVG_GET_TIME=438.746734ms
AVG_ADD_TIME=4343.049196ms
