REQUESTS=100
AVG_GET_TIME=436.802131ms
AVG_ADD_TIME=4369.180713ms
