REQUESTS=100
AVG_GET_TIME=210.351111ms
AVG_ADD_TIME=1444.189012ms
