REQUESTS=100
AVG_GET_TIME=206.082436ms
AVG_ADD_TIME=1431.206080ms
