REQUESTS=100
AVG_GET_TIME=210.819493ms
AVG_ADD_TIME=1455.729325ms
