REQUESTS=100
AVG_GET_TIME=208.814842ms
AVG_ADD_TIME=1420.093560ms
