REQUESTS=100
AVG_GET_TIME=235.106153ms
AVG_ADD_TIME=2182.840418ms
