REQUESTS=100
AVG_GET_TIME=259.889945ms
AVG_ADD_TIME=2234.757311ms
