REQUESTS=100
AVG_GET_TIME=250.047916ms
AVG_ADD_TIME=2248.174367ms
