REQUESTS=100
AVG_GET_TIME=251.036456ms
AVG_ADD_TIME=2237.437883ms
