REQUESTS=100
AVG_GET_TIME=403.812988ms
AVG_ADD_TIME=3647.259985ms
