REQUESTS=100
AVG_GET_TIME=407.834909ms
AVG_ADD_TIME=3660.892841ms
