REQUESTS=100
AVG_GET_TIME=402.530546ms
AVG_ADD_TIME=3674.798118ms
