REQUESTS=100
AVG_GET_TIME=388.874603ms
AVG_ADD_TIME=3711.943080ms
