REQUESTS=100
AVG_GET_TIME=72.540549ms
AVG_ADD_TIME=332.956658ms
