REQUESTS=100
AVG_GET_TIME=62.776994ms
AVG_ADD_TIME=304.781966ms
