REQUESTS=100
AVG_GET_TIME=69.022507ms
AVG_ADD_TIME=321.805340ms
