REQUESTS=100
AVG_GET_TIME=65.277248ms
AVG_ADD_TIME=309.524189ms
