REQUESTS=100
AVG_GET_TIME=68.882812ms
AVG_ADD_TIME=335.268775ms
