REQUESTS=100
AVG_GET_TIME=66.700507ms
AVG_ADD_TIME=337.058288ms
