REQUESTS=100
AVG_GET_TIME=63.555798ms
AVG_ADD_TIME=327.326622ms
