REQUESTS=100
AVG_GET_TIME=70.549038ms
AVG_ADD_TIME=402.544624ms
