REQUESTS=100
AVG_GET_TIME=63.984041ms
AVG_ADD_TIME=366.064910ms
