REQUESTS=100
AVG_GET_TIME=70.317573ms
AVG_ADD_TIME=408.195606ms
