REQUESTS=100
AVG_GET_TIME=70.225259ms
AVG_ADD_TIME=397.240601ms
