REQUESTS=100
AVG_GET_TIME=205.683888ms
AVG_ADD_TIME=1678.985919ms
