REQUESTS=100
AVG_GET_TIME=195.422429ms
AVG_ADD_TIME=1655.949713ms
