REQUESTS=100
AVG_GET_TIME=209.562962ms
AVG_ADD_TIME=1660.774662ms
