REQUESTS=100
AVG_GET_TIME=207.976387ms
AVG_ADD_TIME=1620.116258ms
