REQUESTS=100
AVG_GET_TIME=422.470750ms
AVG_ADD_TIME=3783.826100ms
