REQUESTS=100
AVG_GET_TIME=413.351104ms
AVG_ADD_TIME=3784.213433ms
