REQUESTS=100
AVG_GET_TIME=381.914549ms
AVG_ADD_TIME=3797.940810ms
