REQUESTS=100
AVG_GET_TIME=405.450886ms
AVG_ADD_TIME=3820.717385ms
