REQUESTS=44
AVG_GET_TIME=7.010910ms
AVG_ADD_TIME=73.323582ms
