REQUESTS=30
AVG_GET_TIME=4.412753ms
AVG_ADD_TIME=34.938031ms
