REQUESTS=38
AVG_GET_TIME=6.070373ms
AVG_ADD_TIME=64.415375ms
