REQUESTS=38
AVG_GET_TIME=4.992722ms
AVG_ADD_TIME=46.962105ms
