REQUESTS=12
AVG_GET_TIME=32.589785ms
AVG_ADD_TIME=437.004154ms
