REQUESTS=12
AVG_GET_TIME=54.018577ms
AVG_ADD_TIME=530.178790ms
