REQUESTS=8
AVG_GET_TIME=17.129579ms
AVG_ADD_TIME=196.172430ms
