REQUESTS=12
AVG_GET_TIME=34.603440ms
AVG_ADD_TIME=611.280625ms
