REQUESTS=100
AVG_GET_TIME=347.468029ms
AVG_ADD_TIME=3073.918939ms
