REQUESTS=100
AVG_GET_TIME=342.961080ms
AVG_ADD_TIME=3037.083520ms
