REQUESTS=100
AVG_GET_TIME=360.693001ms
AVG_ADD_TIME=3051.762286ms
