REQUESTS=100
AVG_GET_TIME=349.269370ms
AVG_ADD_TIME=3050.742522ms
