REQUESTS=400
AVG_GET_TIME=0.494415ms
AVG_ADD_TIME=1.487709ms
