REQUESTS=100
AVG_GET_TIME=492.184360ms
AVG_ADD_TIME=4596.485225ms
