REQUESTS=100
AVG_GET_TIME=362.381355ms
AVG_ADD_TIME=4721.807945ms
