REQUESTS=100
AVG_GET_TIME=377.446859ms
AVG_ADD_TIME=4735.311424ms
