REQUESTS=100
AVG_GET_TIME=399.036936ms
AVG_ADD_TIME=4708.890979ms
