REQUESTS=100
AVG_GET_TIME=68.436064ms
AVG_ADD_TIME=335.929551ms
