REQUESTS=100
AVG_GET_TIME=68.296033ms
AVG_ADD_TIME=316.327320ms
