REQUESTS=100
AVG_GET_TIME=68.363321ms
AVG_ADD_TIME=327.672941ms
