REQUESTS=100
AVG_GET_TIME=70.594456ms
AVG_ADD_TIME=336.152375ms
