REQUESTS=100
AVG_GET_TIME=246.850348ms
AVG_ADD_TIME=4583.549940ms
