REQUESTS=100
AVG_GET_TIME=245.936197ms
AVG_ADD_TIME=4478.467059ms
