REQUESTS=100
AVG_GET_TIME=254.310156ms
AVG_ADD_TIME=4524.484918ms
