REQUESTS=100
AVG_GET_TIME=249.296407ms
AVG_ADD_TIME=4543.500090ms
