REQUESTS=20
AVG_GET_TIME=20.850571ms
AVG_ADD_TIME=244.981671ms
