REQUESTS=16
AVG_GET_TIME=13.873458ms
AVG_ADD_TIME=119.030920ms
