REQUESTS=24
AVG_GET_TIME=23.493907ms
AVG_ADD_TIME=263.704622ms
