REQUESTS=16
AVG_GET_TIME=16.590070ms
AVG_ADD_TIME=155.852973ms
