REQUESTS=12
AVG_GET_TIME=24.856618ms
AVG_ADD_TIME=770.348945ms
