REQUESTS=6
AVG_GET_TIME=17.913113ms
AVG_ADD_TIME=456.185168ms
