REQUESTS=6
AVG_GET_TIME=20.150094ms
AVG_ADD_TIME=573.958658ms
