REQUESTS=6
AVG_GET_TIME=9.410032ms
AVG_ADD_TIME=90.038302ms
