REQUESTS=100
AVG_GET_TIME=71.308811ms
AVG_ADD_TIME=683.798380ms
