REQUESTS=100
AVG_GET_TIME=73.208443ms
AVG_ADD_TIME=672.097172ms
