REQUESTS=100
AVG_GET_TIME=69.043240ms
AVG_ADD_TIME=651.040071ms
