REQUESTS=100
AVG_GET_TIME=72.784477ms
AVG_ADD_TIME=672.852647ms
