REQUESTS=100
AVG_GET_TIME=196.811432ms
AVG_ADD_TIME=1433.172768ms
