REQUESTS=100
AVG_GET_TIME=183.466349ms
AVG_ADD_TIME=1439.743922ms
