REQUESTS=100
AVG_GET_TIME=189.271345ms
AVG_ADD_TIME=1450.589214ms
