REQUESTS=100
AVG_GET_TIME=188.686390ms
AVG_ADD_TIME=1475.399896ms
