REQUESTS=1600
AVG_GET_TIME=16.561765ms
AVG_ADD_TIME=134.602206ms
