REQUESTS=16
AVG_GET_TIME=17.908157ms
AVG_ADD_TIME=246.181723ms
