REQUESTS=12
AVG_GET_TIME=13.488785ms
AVG_ADD_TIME=228.251213ms
