REQUESTS=12
AVG_GET_TIME=10.066688ms
AVG_ADD_TIME=154.722368ms
