REQUESTS=20
AVG_GET_TIME=20.294437ms
AVG_ADD_TIME=266.488312ms
