REQUESTS=100
AVG_GET_TIME=79.574926ms
AVG_ADD_TIME=629.032500ms
