REQUESTS=100
AVG_GET_TIME=80.226804ms
AVG_ADD_TIME=602.409270ms
