REQUESTS=100
AVG_GET_TIME=81.335040ms
AVG_ADD_TIME=621.212373ms
