REQUESTS=100
AVG_GET_TIME=80.387930ms
AVG_ADD_TIME=618.878593ms
