REQUESTS=20
AVG_GET_TIME=22.211892ms
AVG_ADD_TIME=304.439351ms
