REQUESTS=16
AVG_GET_TIME=15.139406ms
AVG_ADD_TIME=224.335791ms
