REQUESTS=16
AVG_GET_TIME=18.109439ms
AVG_ADD_TIME=250.298469ms
