REQUESTS=12
AVG_GET_TIME=9.692622ms
AVG_ADD_TIME=157.226753ms
