REQUESTS=100
AVG_GET_TIME=202.725166ms
AVG_ADD_TIME=1663.842833ms
