REQUESTS=100
AVG_GET_TIME=210.307030ms
AVG_ADD_TIME=1694.969687ms
