REQUESTS=100
AVG_GET_TIME=204.356349ms
AVG_ADD_TIME=1662.782794ms
