REQUESTS=100
AVG_GET_TIME=285.979201ms
AVG_ADD_TIME=1678.186427ms
