REQUESTS=100
AVG_GET_TIME=353.529499ms
AVG_ADD_TIME=2982.121641ms
