REQUESTS=100
AVG_GET_TIME=354.998243ms
AVG_ADD_TIME=3073.006297ms
