REQUESTS=100
AVG_GET_TIME=350.248211ms
AVG_ADD_TIME=3053.606539ms
