REQUESTS=100
AVG_GET_TIME=355.948943ms
AVG_ADD_TIME=3062.277086ms
