REQUESTS=100
AVG_GET_TIME=150.419409ms
AVG_ADD_TIME=2191.562029ms
