REQUESTS=100
AVG_GET_TIME=151.020838ms
AVG_ADD_TIME=2236.761278ms
