REQUESTS=100
AVG_GET_TIME=150.890196ms
AVG_ADD_TIME=2179.543099ms
