REQUESTS=100
AVG_GET_TIME=151.416269ms
AVG_ADD_TIME=2213.577349ms
