REQUESTS=100
AVG_GET_TIME=48.544598ms
AVG_ADD_TIME=546.230787ms
