REQUESTS=100
AVG_GET_TIME=45.281439ms
AVG_ADD_TIME=517.763361ms
