REQUESTS=100
AVG_GET_TIME=49.919242ms
AVG_ADD_TIME=566.753397ms
