REQUESTS=100
AVG_GET_TIME=49.693225ms
AVG_ADD_TIME=565.189028ms
