REQUESTS=48
AVG_GET_TIME=8.058801ms
AVG_ADD_TIME=50.105751ms
