REQUESTS=52
AVG_GET_TIME=9.517884ms
AVG_ADD_TIME=58.451547ms
