REQUESTS=42
AVG_GET_TIME=6.727782ms
AVG_ADD_TIME=40.419078ms
