REQUESTS=32
AVG_GET_TIME=5.794582ms
AVG_ADD_TIME=31.123260ms
