REQUESTS=16
AVG_GET_TIME=14.472416ms
AVG_ADD_TIME=294.263564ms
