REQUESTS=14
AVG_GET_TIME=11.812993ms
AVG_ADD_TIME=211.704943ms
