REQUESTS=12
AVG_GET_TIME=7.828148ms
AVG_ADD_TIME=128.820711ms
