REQUESTS=16
AVG_GET_TIME=14.643842ms
AVG_ADD_TIME=339.345381ms
