REQUESTS=100
AVG_GET_TIME=248.012123ms
AVG_ADD_TIME=4493.905323ms
