REQUESTS=100
AVG_GET_TIME=252.580708ms
AVG_ADD_TIME=4368.565497ms
