REQUESTS=100
AVG_GET_TIME=252.769733ms
AVG_ADD_TIME=4516.828313ms
