REQUESTS=100
AVG_GET_TIME=250.885388ms
AVG_ADD_TIME=4480.245779ms
