REQUESTS=100
AVG_GET_TIME=149.546339ms
AVG_ADD_TIME=2219.068227ms
