REQUESTS=100
AVG_GET_TIME=147.828047ms
AVG_ADD_TIME=2189.097727ms
