REQUESTS=100
AVG_GET_TIME=145.726116ms
AVG_ADD_TIME=2235.403484ms
