REQUESTS=6
AVG_GET_TIME=16.380849ms
AVG_ADD_TIME=366.019808ms
