REQUESTS=6
AVG_GET_TIME=17.934326ms
AVG_ADD_TIME=532.893616ms
