REQUESTS=12
AVG_GET_TIME=23.402930ms
AVG_ADD_TIME=742.928653ms
