REQUESTS=6
AVG_GET_TIME=10.397856ms
AVG_ADD_TIME=167.407205ms
