REQUESTS=44
AVG_GET_TIME=8.662139ms
AVG_ADD_TIME=37.755502ms
