REQUESTS=52
AVG_GET_TIME=9.243495ms
AVG_ADD_TIME=42.748867ms
