REQUESTS=54
AVG_GET_TIME=10.908884ms
AVG_ADD_TIME=53.679041ms
