REQUESTS=36
AVG_GET_TIME=6.721970ms
AVG_ADD_TIME=28.337669ms
