REQUESTS=100
AVG_GET_TIME=240.615664ms
AVG_ADD_TIME=2199.897888ms
