REQUESTS=100
AVG_GET_TIME=280.168211ms
AVG_ADD_TIME=2123.035006ms
