REQUESTS=100
AVG_GET_TIME=276.722741ms
AVG_ADD_TIME=2123.291748ms
