REQUESTS=100
AVG_GET_TIME=221.956114ms
AVG_ADD_TIME=2191.086915ms
