REQUESTS=6
AVG_GET_TIME=18.463718ms
AVG_ADD_TIME=514.599792ms
