REQUESTS=6
AVG_GET_TIME=11.369149ms
AVG_ADD_TIME=177.073224ms
