REQUESTS=6
AVG_GET_TIME=16.166155ms
AVG_ADD_TIME=378.265017ms
