REQUESTS=12
AVG_GET_TIME=26.381406ms
AVG_ADD_TIME=807.545969ms
