REQUESTS=100
AVG_GET_TIME=49.555779ms
AVG_ADD_TIME=543.632699ms
