REQUESTS=100
AVG_GET_TIME=48.485312ms
AVG_ADD_TIME=551.045957ms
