REQUESTS=100
AVG_GET_TIME=49.448359ms
AVG_ADD_TIME=552.544975ms
