REQUESTS=100
AVG_GET_TIME=49.916432ms
AVG_ADD_TIME=557.471212ms
