REQUESTS=100
AVG_GET_TIME=206.444424ms
AVG_ADD_TIME=1626.925190ms
