REQUESTS=100
AVG_GET_TIME=206.862525ms
AVG_ADD_TIME=1692.382278ms
