REQUESTS=100
AVG_GET_TIME=214.022719ms
AVG_ADD_TIME=1673.357347ms
