REQUESTS=100
AVG_GET_TIME=211.041769ms
AVG_ADD_TIME=1698.150857ms
