REQUESTS=6
AVG_GET_TIME=13.833660ms
AVG_ADD_TIME=153.995908ms
