REQUESTS=12
AVG_GET_TIME=33.599489ms
AVG_ADD_TIME=720.552278ms
