REQUESTS=12
AVG_GET_TIME=33.587736ms
AVG_ADD_TIME=596.185399ms
