REQUESTS=10
AVG_GET_TIME=37.869982ms
AVG_ADD_TIME=409.430310ms
