REQUESTS=32
AVG_GET_TIME=3.931869ms
AVG_ADD_TIME=36.433382ms
