REQUESTS=40
AVG_GET_TIME=5.946611ms
AVG_ADD_TIME=63.064289ms
