REQUESTS=42
AVG_GET_TIME=7.305484ms
AVG_ADD_TIME=72.230922ms
