REQUESTS=36
AVG_GET_TIME=4.696649ms
AVG_ADD_TIME=49.023042ms
