REQUESTS=16
AVG_GET_TIME=13.520875ms
AVG_ADD_TIME=133.089284ms
