REQUESTS=20
AVG_GET_TIME=21.014764ms
AVG_ADD_TIME=241.599426ms
