REQUESTS=18
AVG_GET_TIME=17.530857ms
AVG_ADD_TIME=176.224342ms
