REQUESTS=20
AVG_GET_TIME=18.931185ms
AVG_ADD_TIME=208.884465ms
