REQUESTS=36
AVG_GET_TIME=5.261293ms
AVG_ADD_TIME=31.045220ms
