REQUESTS=40
AVG_GET_TIME=7.049064ms
AVG_ADD_TIME=43.505932ms
