REQUESTS=52
AVG_GET_TIME=11.132898ms
AVG_ADD_TIME=55.934766ms
