REQUESTS=48
AVG_GET_TIME=8.248301ms
AVG_ADD_TIME=48.433542ms
