REQUESTS=12
AVG_GET_TIME=34.898103ms
AVG_ADD_TIME=608.977670ms
