REQUESTS=8
AVG_GET_TIME=28.406368ms
AVG_ADD_TIME=394.818595ms
