REQUESTS=12
AVG_GET_TIME=27.885148ms
AVG_ADD_TIME=454.313852ms
