REQUESTS=6
AVG_GET_TIME=16.371337ms
AVG_ADD_TIME=165.012483ms
