REQUESTS=708
AVG_GET_TIME=16.747644ms
AVG_ADD_TIME=144.148885ms
