REQUESTS=6
AVG_GET_TIME=18.451705ms
AVG_ADD_TIME=509.878810ms
