REQUESTS=6
AVG_GET_TIME=8.739652ms
AVG_ADD_TIME=125.378803ms
