REQUESTS=6
AVG_GET_TIME=15.526243ms
AVG_ADD_TIME=404.864992ms
