REQUESTS=6
AVG_GET_TIME=18.336935ms
AVG_ADD_TIME=593.413419ms
