REQUESTS=44
AVG_GET_TIME=5.978513ms
AVG_ADD_TIME=38.943260ms
