REQUESTS=34
AVG_GET_TIME=5.426331ms
AVG_ADD_TIME=32.707191ms
