REQUESTS=46
AVG_GET_TIME=8.448583ms
AVG_ADD_TIME=51.492510ms
