REQUESTS=50
AVG_GET_TIME=10.132774ms
AVG_ADD_TIME=58.405898ms
