REQUESTS=6
AVG_GET_TIME=22.693473ms
AVG_ADD_TIME=342.443302ms
