REQUESTS=6
AVG_GET_TIME=17.408646ms
AVG_ADD_TIME=248.264385ms
