REQUESTS=12
AVG_GET_TIME=29.469038ms
AVG_ADD_TIME=555.993756ms
