REQUESTS=6
AVG_GET_TIME=28.496274ms
AVG_ADD_TIME=490.324595ms
