REQUESTS=100
AVG_GET_TIME=253.922956ms
AVG_ADD_TIME=1862.778554ms
