REQUESTS=100
AVG_GET_TIME=273.414385ms
AVG_ADD_TIME=1870.492200ms
