REQUESTS=100
AVG_GET_TIME=268.312928ms
AVG_ADD_TIME=1866.823808ms
