REQUESTS=100
AVG_GET_TIME=248.470877ms
AVG_ADD_TIME=1809.965738ms
