REQUESTS=50
AVG_GET_TIME=1770643.180000ns
AVG_ADD_TIME=6007874.780000ns
