REQUESTS=100
AVG_GET_TIME=243.219595ms
AVG_ADD_TIME=4604.963779ms
