REQUESTS=100
AVG_GET_TIME=246.985767ms
AVG_ADD_TIME=4495.946047ms
