REQUESTS=100
AVG_GET_TIME=250.169517ms
AVG_ADD_TIME=4624.282857ms
