REQUESTS=100
AVG_GET_TIME=244.154387ms
AVG_ADD_TIME=4543.563716ms
