REQUESTS=100
AVG_GET_TIME=207.299988ms
AVG_ADD_TIME=1624.895270ms
