REQUESTS=100
AVG_GET_TIME=209.247611ms
AVG_ADD_TIME=1649.087425ms
