REQUESTS=100
AVG_GET_TIME=210.676021ms
AVG_ADD_TIME=1608.792906ms
