REQUESTS=100
AVG_GET_TIME=214.659494ms
AVG_ADD_TIME=1629.319810ms
