REQUESTS=800
AVG_GET_TIME=7.844032ms
AVG_ADD_TIME=45.674333ms
