REQUESTS=16
AVG_GET_TIME=16.888571ms
AVG_ADD_TIME=180.507944ms
