REQUESTS=20
AVG_GET_TIME=19.947737ms
AVG_ADD_TIME=238.030209ms
