REQUESTS=16
AVG_GET_TIME=10.443196ms
AVG_ADD_TIME=107.228999ms
