REQUESTS=20
AVG_GET_TIME=20.744254ms
AVG_ADD_TIME=249.554270ms
