REQUESTS=40
AVG_GET_TIME=4.981822ms
AVG_ADD_TIME=26.475228ms
