REQUESTS=48
AVG_GET_TIME=10.127153ms
AVG_ADD_TIME=44.273910ms
