REQUESTS=42
AVG_GET_TIME=8.860513ms
AVG_ADD_TIME=39.253293ms
