REQUESTS=54
AVG_GET_TIME=11.320378ms
AVG_ADD_TIME=52.196369ms
