REQUESTS=100
AVG_GET_TIME=232.608288ms
AVG_ADD_TIME=1974.334613ms
