REQUESTS=100
AVG_GET_TIME=246.720890ms
AVG_ADD_TIME=1954.562555ms
