REQUESTS=100
AVG_GET_TIME=231.739035ms
AVG_ADD_TIME=1926.796499ms
