REQUESTS=100
AVG_GET_TIME=249.454395ms
AVG_ADD_TIME=1944.829368ms
