REQUESTS=6
AVG_GET_TIME=15.231375ms
AVG_ADD_TIME=357.664358ms
