REQUESTS=8
AVG_GET_TIME=24.952261ms
AVG_ADD_TIME=680.497385ms
