REQUESTS=12
AVG_GET_TIME=17.000567ms
AVG_ADD_TIME=401.672988ms
