REQUESTS=6
AVG_GET_TIME=19.148313ms
AVG_ADD_TIME=570.374324ms
