REQUESTS=100
AVG_GET_TIME=67.251442ms
AVG_ADD_TIME=334.594161ms
