REQUESTS=100
AVG_GET_TIME=66.425763ms
AVG_ADD_TIME=342.281441ms
