REQUESTS=100
AVG_GET_TIME=68.002214ms
AVG_ADD_TIME=326.271482ms
