REQUESTS=100
AVG_GET_TIME=65.324947ms
AVG_ADD_TIME=317.358914ms
