REQUESTS=12
AVG_GET_TIME=32.040590ms
AVG_ADD_TIME=551.967915ms
