REQUESTS=6
AVG_GET_TIME=16.740482ms
AVG_ADD_TIME=221.065481ms
