REQUESTS=8
AVG_GET_TIME=24.309953ms
AVG_ADD_TIME=397.459074ms
