REQUESTS=12
AVG_GET_TIME=34.581196ms
AVG_ADD_TIME=616.992092ms
