REQUESTS=6
AVG_GET_TIME=12.969933ms
AVG_ADD_TIME=242.209382ms
