REQUESTS=12
AVG_GET_TIME=35.515161ms
AVG_ADD_TIME=785.667675ms
