REQUESTS=6
AVG_GET_TIME=20.947290ms
AVG_ADD_TIME=626.058416ms
