REQUESTS=6
AVG_GET_TIME=16.190286ms
AVG_ADD_TIME=369.546214ms
