REQUESTS=20
AVG_GET_TIME=18.993457ms
AVG_ADD_TIME=214.974235ms
