REQUESTS=18
AVG_GET_TIME=15.774184ms
AVG_ADD_TIME=176.605627ms
