REQUESTS=14
AVG_GET_TIME=13.816428ms
AVG_ADD_TIME=132.423779ms
