REQUESTS=24
AVG_GET_TIME=24.445318ms
AVG_ADD_TIME=266.034212ms
