REQUESTS=100
AVG_GET_TIME=69.893776ms
AVG_ADD_TIME=336.419450ms
