REQUESTS=100
AVG_GET_TIME=67.374053ms
AVG_ADD_TIME=329.556521ms
