REQUESTS=100
AVG_GET_TIME=64.073074ms
AVG_ADD_TIME=312.952764ms
