REQUESTS=100
AVG_GET_TIME=69.685657ms
AVG_ADD_TIME=335.220623ms
