REQUESTS=36
AVG_GET_TIME=6.035627ms
AVG_ADD_TIME=27.265307ms
