REQUESTS=54
AVG_GET_TIME=11.574673ms
AVG_ADD_TIME=51.845953ms
