REQUESTS=48
AVG_GET_TIME=9.711975ms
AVG_ADD_TIME=45.935190ms
