REQUESTS=44
AVG_GET_TIME=8.316486ms
AVG_ADD_TIME=35.829062ms
