REQUESTS=12
AVG_GET_TIME=33.007500ms
AVG_ADD_TIME=614.875528ms
