REQUESTS=6
AVG_GET_TIME=15.207076ms
AVG_ADD_TIME=174.157929ms
