REQUESTS=12
AVG_GET_TIME=26.472048ms
AVG_ADD_TIME=449.902434ms
