REQUESTS=12
AVG_GET_TIME=31.876087ms
AVG_ADD_TIME=517.171381ms
