REQUESTS=100
AVG_GET_TIME=246.171753ms
AVG_ADD_TIME=2006.799363ms
