REQUESTS=100
AVG_GET_TIME=248.746955ms
AVG_ADD_TIME=1996.820555ms
