REQUESTS=100
AVG_GET_TIME=225.526554ms
AVG_ADD_TIME=1979.957163ms
