REQUESTS=100
AVG_GET_TIME=243.976238ms
AVG_ADD_TIME=2017.758818ms
