REQUESTS=46
AVG_GET_TIME=8.595393ms
AVG_ADD_TIME=35.938323ms
