REQUESTS=48
AVG_GET_TIME=10.245424ms
AVG_ADD_TIME=45.537920ms
