REQUESTS=40
AVG_GET_TIME=6.069709ms
AVG_ADD_TIME=25.945761ms
