REQUESTS=54
AVG_GET_TIME=11.972719ms
AVG_ADD_TIME=53.673030ms
