REQUESTS=100
AVG_GET_TIME=243.102852ms
AVG_ADD_TIME=4553.814868ms
