REQUESTS=100
AVG_GET_TIME=241.564199ms
AVG_ADD_TIME=4681.210051ms
