REQUESTS=100
AVG_GET_TIME=243.609483ms
AVG_ADD_TIME=4659.271326ms
