REQUESTS=100
AVG_GET_TIME=257.419593ms
AVG_ADD_TIME=4606.392956ms
