REQUESTS=100
AVG_GET_TIME=453.825472ms
AVG_ADD_TIME=3737.435913ms
