REQUESTS=100
AVG_GET_TIME=429.837861ms
AVG_ADD_TIME=3754.990751ms
