REQUESTS=100
AVG_GET_TIME=442.906435ms
AVG_ADD_TIME=3728.298044ms
