REQUESTS=100
AVG_GET_TIME=437.376288ms
AVG_ADD_TIME=3661.834320ms
