REQUESTS=100
AVG_GET_TIME=48.442079ms
AVG_ADD_TIME=529.220308ms
