REQUESTS=100
AVG_GET_TIME=50.047478ms
AVG_ADD_TIME=560.126377ms
