REQUESTS=100
AVG_GET_TIME=49.822108ms
AVG_ADD_TIME=543.308138ms
