REQUESTS=100
AVG_GET_TIME=49.490666ms
AVG_ADD_TIME=563.293282ms
