REQUESTS=52
AVG_GET_TIME=9.751396ms
AVG_ADD_TIME=58.760077ms
