REQUESTS=42
AVG_GET_TIME=6.986752ms
AVG_ADD_TIME=41.401671ms
