REQUESTS=48
AVG_GET_TIME=8.174289ms
AVG_ADD_TIME=50.328144ms
