REQUESTS=34
AVG_GET_TIME=5.069896ms
AVG_ADD_TIME=30.615265ms
