REQUESTS=100
AVG_GET_TIME=358.173521ms
AVG_ADD_TIME=3036.196296ms
