REQUESTS=100
AVG_GET_TIME=363.297498ms
AVG_ADD_TIME=3064.835316ms
