REQUESTS=100
AVG_GET_TIME=353.594195ms
AVG_ADD_TIME=3047.637878ms
