REQUESTS=100
AVG_GET_TIME=352.461695ms
AVG_ADD_TIME=3065.973564ms
