REQUESTS=14
AVG_GET_TIME=11.397080ms
AVG_ADD_TIME=216.516359ms
