REQUESTS=16
AVG_GET_TIME=15.283786ms
AVG_ADD_TIME=321.635537ms
