REQUESTS=16
AVG_GET_TIME=13.034608ms
AVG_ADD_TIME=278.030881ms
