REQUESTS=12
AVG_GET_TIME=7.592064ms
AVG_ADD_TIME=136.060161ms
