REQUESTS=14
AVG_GET_TIME=13.067230ms
AVG_ADD_TIME=202.406554ms
