REQUESTS=16
AVG_GET_TIME=18.543294ms
AVG_ADD_TIME=250.219413ms
