REQUESTS=12
AVG_GET_TIME=8.716018ms
AVG_ADD_TIME=154.695970ms
