REQUESTS=744
AVG_GET_TIME=12.745317ms
AVG_ADD_TIME=232.521579ms
