REQUESTS=30
AVG_GET_TIME=4.121888ms
AVG_ADD_TIME=38.751950ms
