REQUESTS=40
AVG_GET_TIME=4.665876ms
AVG_ADD_TIME=44.944795ms
