REQUESTS=44
AVG_GET_TIME=7.005526ms
AVG_ADD_TIME=73.678021ms
