REQUESTS=40
AVG_GET_TIME=5.885724ms
AVG_ADD_TIME=64.953510ms
