REQUESTS=100
AVG_GET_TIME=76.944101ms
AVG_ADD_TIME=691.517729ms
