REQUESTS=100
AVG_GET_TIME=80.228463ms
AVG_ADD_TIME=707.304786ms
