REQUESTS=100
AVG_GET_TIME=82.087746ms
AVG_ADD_TIME=718.843945ms
