REQUESTS=100
AVG_GET_TIME=86.931835ms
AVG_ADD_TIME=715.144784ms
