REQUESTS=100
AVG_GET_TIME=67.023991ms
AVG_ADD_TIME=389.542336ms
