REQUESTS=100
AVG_GET_TIME=66.003773ms
AVG_ADD_TIME=378.141054ms
