REQUESTS=100
AVG_GET_TIME=68.832148ms
AVG_ADD_TIME=396.214509ms
