REQUESTS=100
AVG_GET_TIME=69.050465ms
AVG_ADD_TIME=402.545656ms
