REQUESTS=400
AVG_GET_TIME=65.047244ms
AVG_ADD_TIME=381.472212ms
