REQUESTS=800
AVG_GET_TIME=2.757895ms
AVG_ADD_TIME=9.363469ms
