REQUESTS=16
AVG_GET_TIME=13.057034ms
AVG_ADD_TIME=133.133908ms
