REQUESTS=20
AVG_GET_TIME=18.321409ms
AVG_ADD_TIME=197.362604ms
