REQUESTS=16
AVG_GET_TIME=17.032792ms
AVG_ADD_TIME=182.264444ms
