REQUESTS=20
AVG_GET_TIME=21.455130ms
AVG_ADD_TIME=246.584892ms
