REQUESTS=48
AVG_GET_TIME=9.475255ms
AVG_ADD_TIME=45.636113ms
