REQUESTS=52
AVG_GET_TIME=11.508134ms
AVG_ADD_TIME=54.378049ms
