REQUESTS=38
AVG_GET_TIME=6.053670ms
AVG_ADD_TIME=26.250551ms
