REQUESTS=44
AVG_GET_TIME=7.628714ms
AVG_ADD_TIME=36.001748ms
