REQUESTS=100
AVG_GET_TIME=88.197364ms
AVG_ADD_TIME=615.211520ms
