REQUESTS=100
AVG_GET_TIME=77.308889ms
AVG_ADD_TIME=580.390229ms
