REQUESTS=100
AVG_GET_TIME=87.432651ms
AVG_ADD_TIME=608.603690ms
