REQUESTS=100
AVG_GET_TIME=87.581215ms
AVG_ADD_TIME=605.917878ms
