REQUESTS=20
AVG_GET_TIME=20.022347ms
AVG_ADD_TIME=311.267433ms
