REQUESTS=12
AVG_GET_TIME=11.351501ms
AVG_ADD_TIME=210.703825ms
