REQUESTS=18
AVG_GET_TIME=15.529991ms
AVG_ADD_TIME=248.471698ms
