REQUESTS=12
AVG_GET_TIME=9.016112ms
AVG_ADD_TIME=157.394139ms
