REQUESTS=100
AVG_GET_TIME=79.822312ms
AVG_ADD_TIME=861.412855ms
