REQUESTS=100
AVG_GET_TIME=80.920501ms
AVG_ADD_TIME=876.622661ms
