REQUESTS=100
AVG_GET_TIME=68.787463ms
AVG_ADD_TIME=887.850468ms
