REQUESTS=100
AVG_GET_TIME=62.037436ms
AVG_ADD_TIME=359.636327ms
