REQUESTS=100
AVG_GET_TIME=147.741056ms
AVG_ADD_TIME=2194.912543ms
