REQUESTS=100
AVG_GET_TIME=145.317954ms
AVG_ADD_TIME=2188.053901ms
