REQUESTS=100
AVG_GET_TIME=148.084970ms
AVG_ADD_TIME=2169.068668ms
