REQUESTS=20
AVG_GET_TIME=19.078984ms
AVG_ADD_TIME=211.995505ms
