REQUESTS=24
AVG_GET_TIME=23.990718ms
AVG_ADD_TIME=258.584710ms
