REQUESTS=20
AVG_GET_TIME=16.319588ms
AVG_ADD_TIME=178.122616ms
