REQUESTS=12
AVG_GET_TIME=12.884897ms
AVG_ADD_TIME=127.345666ms
