REQUESTS=10
AVG_GET_TIME=31.311273ms
AVG_ADD_TIME=720.706402ms
