REQUESTS=8
AVG_GET_TIME=25.445853ms
AVG_ADD_TIME=589.594597ms
