REQUESTS=6
AVG_GET_TIME=13.967610ms
AVG_ADD_TIME=287.123272ms
