REQUESTS=6
AVG_GET_TIME=15.019957ms
AVG_ADD_TIME=419.924916ms
