REQUESTS=100
AVG_GET_TIME=252.692806ms
AVG_ADD_TIME=4630.748610ms
