REQUESTS=100
AVG_GET_TIME=248.084520ms
AVG_ADD_TIME=4672.390772ms
