REQUESTS=100
AVG_GET_TIME=249.274241ms
AVG_ADD_TIME=4616.034926ms
