REQUESTS=100
AVG_GET_TIME=259.355780ms
AVG_ADD_TIME=4554.831580ms
