REQUESTS=16
AVG_GET_TIME=16.217551ms
AVG_ADD_TIME=174.786349ms
