REQUESTS=12
AVG_GET_TIME=11.816478ms
AVG_ADD_TIME=126.369680ms
