REQUESTS=20
AVG_GET_TIME=18.453735ms
AVG_ADD_TIME=231.115599ms
