REQUESTS=20
AVG_GET_TIME=20.927829ms
AVG_ADD_TIME=249.751129ms
