REQUESTS=100
AVG_GET_TIME=212.109447ms
AVG_ADD_TIME=1677.947451ms
