REQUESTS=100
AVG_GET_TIME=212.096844ms
AVG_ADD_TIME=1660.627770ms
