REQUESTS=100
AVG_GET_TIME=209.507546ms
AVG_ADD_TIME=1704.424710ms
