REQUESTS=100
AVG_GET_TIME=212.626308ms
AVG_ADD_TIME=1672.909665ms
