REQUESTS=100
AVG_GET_TIME=68.986523ms
AVG_ADD_TIME=407.301124ms
