REQUESTS=100
AVG_GET_TIME=63.203472ms
AVG_ADD_TIME=384.986933ms
