REQUESTS=100
AVG_GET_TIME=69.085296ms
AVG_ADD_TIME=398.899826ms
