REQUESTS=100
AVG_GET_TIME=68.523305ms
AVG_ADD_TIME=412.859254ms
