REQUESTS=14
AVG_GET_TIME=10.600419ms
AVG_ADD_TIME=214.435565ms
