REQUESTS=14
AVG_GET_TIME=13.282913ms
AVG_ADD_TIME=290.757532ms
