REQUESTS=18
AVG_GET_TIME=14.258608ms
AVG_ADD_TIME=313.281365ms
