REQUESTS=12
AVG_GET_TIME=7.773923ms
AVG_ADD_TIME=152.343355ms
