REQUESTS=100
AVG_GET_TIME=149.814291ms
AVG_ADD_TIME=2150.090064ms
