REQUESTS=100
AVG_GET_TIME=146.663019ms
AVG_ADD_TIME=2201.333996ms
