REQUESTS=100
AVG_GET_TIME=144.327698ms
AVG_ADD_TIME=2209.316484ms
