REQUESTS=100
AVG_GET_TIME=152.504685ms
AVG_ADD_TIME=2212.428627ms
