REQUESTS=100
AVG_GET_TIME=330.106979ms
AVG_ADD_TIME=3094.556445ms
