REQUESTS=100
AVG_GET_TIME=354.130112ms
AVG_ADD_TIME=2972.562130ms
