REQUESTS=100
AVG_GET_TIME=345.787716ms
AVG_ADD_TIME=3058.930562ms
