REQUESTS=100
AVG_GET_TIME=350.750410ms
AVG_ADD_TIME=3088.488039ms
