REQUESTS=6
AVG_GET_TIME=14.752342ms
AVG_ADD_TIME=436.455451ms
