REQUESTS=6
AVG_GET_TIME=14.014323ms
AVG_ADD_TIME=287.466687ms
