REQUESTS=8
AVG_GET_TIME=24.979666ms
AVG_ADD_TIME=683.565945ms
