REQUESTS=6
AVG_GET_TIME=14.953411ms
AVG_ADD_TIME=373.333169ms
