REQUESTS=100
AVG_GET_TIME=377.247524ms
AVG_ADD_TIME=3471.123951ms
