REQUESTS=100
AVG_GET_TIME=377.527885ms
AVG_ADD_TIME=3500.524131ms
