REQUESTS=100
AVG_GET_TIME=360.468711ms
AVG_ADD_TIME=3492.204056ms
