REQUESTS=100
AVG_GET_TIME=348.920083ms
AVG_ADD_TIME=3523.147265ms
