REQUESTS=100
AVG_GET_TIME=67.817398ms
AVG_ADD_TIME=399.008195ms
