REQUESTS=100
AVG_GET_TIME=70.464940ms
AVG_ADD_TIME=404.409278ms
