REQUESTS=100
AVG_GET_TIME=64.598959ms
AVG_ADD_TIME=375.873535ms
