REQUESTS=100
AVG_GET_TIME=69.429500ms
AVG_ADD_TIME=410.774844ms
