REQUESTS=100
AVG_GET_TIME=350.007198ms
AVG_ADD_TIME=3032.901492ms
