REQUESTS=100
AVG_GET_TIME=350.984751ms
AVG_ADD_TIME=3089.326274ms
