REQUESTS=100
AVG_GET_TIME=364.844167ms
AVG_ADD_TIME=3061.165065ms
