REQUESTS=100
AVG_GET_TIME=340.718018ms
AVG_ADD_TIME=3022.716385ms
