REQUESTS=42
AVG_GET_TIME=6.657766ms
AVG_ADD_TIME=39.075447ms
