REQUESTS=50
AVG_GET_TIME=9.960179ms
AVG_ADD_TIME=58.588072ms
