REQUESTS=46
AVG_GET_TIME=8.400310ms
AVG_ADD_TIME=49.844579ms
