REQUESTS=36
AVG_GET_TIME=4.790779ms
AVG_ADD_TIME=30.575590ms
