REQUESTS=100
AVG_GET_TIME=209.793386ms
AVG_ADD_TIME=1401.322253ms
