REQUESTS=100
AVG_GET_TIME=210.627505ms
AVG_ADD_TIME=1438.361071ms
