REQUESTS=100
AVG_GET_TIME=208.551130ms
AVG_ADD_TIME=1440.786994ms
