REQUESTS=14
AVG_GET_TIME=13.179929ms
AVG_ADD_TIME=128.333276ms
