REQUESTS=20
AVG_GET_TIME=19.434818ms
AVG_ADD_TIME=219.067476ms
