REQUESTS=22
AVG_GET_TIME=24.092438ms
AVG_ADD_TIME=255.671191ms
