REQUESTS=16
AVG_GET_TIME=15.596205ms
AVG_ADD_TIME=163.351746ms
