REQUESTS=6
AVG_GET_TIME=22.320463ms
AVG_ADD_TIME=305.098373ms
