REQUESTS=12
AVG_GET_TIME=34.279117ms
AVG_ADD_TIME=636.496285ms
