REQUESTS=12
AVG_GET_TIME=29.961114ms
AVG_ADD_TIME=504.635920ms
