REQUESTS=12
AVG_GET_TIME=24.525172ms
AVG_ADD_TIME=404.490731ms
