REQUESTS=16
AVG_GET_TIME=15.044475ms
AVG_ADD_TIME=166.302538ms
