REQUESTS=20
AVG_GET_TIME=19.453992ms
AVG_ADD_TIME=236.731264ms
