REQUESTS=20
AVG_GET_TIME=24.073152ms
AVG_ADD_TIME=248.622802ms
