REQUESTS=16
AVG_GET_TIME=11.841441ms
AVG_ADD_TIME=113.082606ms
