REQUESTS=12
AVG_GET_TIME=32.191477ms
AVG_ADD_TIME=521.165642ms
