REQUESTS=10
AVG_GET_TIME=33.377044ms
AVG_ADD_TIME=585.701866ms
