REQUESTS=12
AVG_GET_TIME=27.045155ms
AVG_ADD_TIME=418.569821ms
