REQUESTS=6
AVG_GET_TIME=14.476346ms
AVG_ADD_TIME=162.310775ms
