REQUESTS=100
AVG_GET_TIME=243.667364ms
AVG_ADD_TIME=2114.942507ms
