REQUESTS=100
AVG_GET_TIME=251.248298ms
AVG_ADD_TIME=2124.822870ms
