REQUESTS=100
AVG_GET_TIME=252.363651ms
AVG_ADD_TIME=2137.117515ms
