REQUESTS=100
AVG_GET_TIME=208.329651ms
AVG_ADD_TIME=2109.793054ms
