REQUESTS=100
AVG_GET_TIME=383.445069ms
AVG_ADD_TIME=5139.484944ms
