REQUESTS=100
AVG_GET_TIME=430.365453ms
AVG_ADD_TIME=5181.480735ms
