REQUESTS=100
AVG_GET_TIME=436.272393ms
AVG_ADD_TIME=5189.680922ms
