REQUESTS=100
AVG_GET_TIME=425.299434ms
AVG_ADD_TIME=5127.144598ms
