REQUESTS=100
AVG_GET_TIME=47.965661ms
AVG_ADD_TIME=529.005547ms
