REQUESTS=100
AVG_GET_TIME=50.448498ms
AVG_ADD_TIME=534.284761ms
