REQUESTS=100
AVG_GET_TIME=52.215200ms
AVG_ADD_TIME=559.114263ms
