REQUESTS=100
AVG_GET_TIME=49.992828ms
AVG_ADD_TIME=558.962431ms
