REQUESTS=2000
AVG_GET_TIME=29.541137ms
AVG_ADD_TIME=336.309561ms
