REQUESTS=100
AVG_GET_TIME=49.173088ms
AVG_ADD_TIME=560.784171ms
