REQUESTS=100
AVG_GET_TIME=46.475915ms
AVG_ADD_TIME=525.767633ms
