REQUESTS=100
AVG_GET_TIME=48.628927ms
AVG_ADD_TIME=559.851075ms
