REQUESTS=100
AVG_GET_TIME=47.579893ms
AVG_ADD_TIME=544.490981ms
