REQUESTS=100
AVG_GET_TIME=387.471638ms
AVG_ADD_TIME=4335.816632ms
