REQUESTS=100
AVG_GET_TIME=389.956096ms
AVG_ADD_TIME=4308.855174ms
