REQUESTS=100
AVG_GET_TIME=373.282045ms
AVG_ADD_TIME=4347.871917ms
