REQUESTS=100
AVG_GET_TIME=388.279970ms
AVG_ADD_TIME=4387.445918ms
