REQUESTS=100
AVG_GET_TIME=148.093659ms
AVG_ADD_TIME=2208.707832ms
