REQUESTS=100
AVG_GET_TIME=151.074292ms
AVG_ADD_TIME=2222.673401ms
