REQUESTS=100
AVG_GET_TIME=154.659547ms
AVG_ADD_TIME=2150.456107ms
