REQUESTS=100
AVG_GET_TIME=150.575389ms
AVG_ADD_TIME=2240.465646ms
