REQUESTS=100
AVG_GET_TIME=364.058063ms
AVG_ADD_TIME=3070.658581ms
