REQUESTS=100
AVG_GET_TIME=372.185206ms
AVG_ADD_TIME=3049.736485ms
