REQUESTS=100
AVG_GET_TIME=356.068706ms
AVG_ADD_TIME=3039.320669ms
