REQUESTS=100
AVG_GET_TIME=357.211572ms
AVG_ADD_TIME=3012.717085ms
