REQUESTS=100
AVG_GET_TIME=68.687566ms
AVG_ADD_TIME=327.529630ms
