REQUESTS=100
AVG_GET_TIME=72.003659ms
AVG_ADD_TIME=335.759744ms
