REQUESTS=100
AVG_GET_TIME=68.093786ms
AVG_ADD_TIME=318.031833ms
