REQUESTS=100
AVG_GET_TIME=69.117432ms
AVG_ADD_TIME=326.672804ms
