REQUESTS=1200
AVG_GET_TIME=7.797114ms
AVG_ADD_TIME=44.974619ms
