REQUESTS=16
AVG_GET_TIME=16.484148ms
AVG_ADD_TIME=235.714556ms
