REQUESTS=12
AVG_GET_TIME=8.165996ms
AVG_ADD_TIME=145.003464ms
