REQUESTS=20
AVG_GET_TIME=23.533221ms
AVG_ADD_TIME=308.715956ms
