REQUESTS=16
AVG_GET_TIME=14.956956ms
AVG_ADD_TIME=211.804039ms
