REQUESTS=32
AVG_GET_TIME=3.846724ms
AVG_ADD_TIME=34.282827ms
