REQUESTS=34
AVG_GET_TIME=4.925929ms
AVG_ADD_TIME=54.989388ms
