REQUESTS=40
AVG_GET_TIME=5.940995ms
AVG_ADD_TIME=61.434249ms
