REQUESTS=44
AVG_GET_TIME=7.125884ms
AVG_ADD_TIME=69.322948ms
