REQUESTS=42
AVG_GET_TIME=5.653739ms
AVG_ADD_TIME=61.488243ms
