REQUESTS=30
AVG_GET_TIME=3.794794ms
AVG_ADD_TIME=34.422742ms
