REQUESTS=42
AVG_GET_TIME=6.296443ms
AVG_ADD_TIME=73.709562ms
