REQUESTS=36
AVG_GET_TIME=5.044186ms
AVG_ADD_TIME=50.302830ms
