REQUESTS=44
AVG_GET_TIME=7.751002ms
AVG_ADD_TIME=37.201050ms
