REQUESTS=50
AVG_GET_TIME=10.245244ms
AVG_ADD_TIME=46.501429ms
