REQUESTS=38
AVG_GET_TIME=6.085157ms
AVG_ADD_TIME=28.429347ms
