REQUESTS=54
AVG_GET_TIME=11.150057ms
AVG_ADD_TIME=53.536608ms
