REQUESTS=100
AVG_GET_TIME=216.455933ms
AVG_ADD_TIME=1449.622908ms
