REQUESTS=100
AVG_GET_TIME=204.997023ms
AVG_ADD_TIME=1426.380060ms
