REQUESTS=100
AVG_GET_TIME=207.775264ms
AVG_ADD_TIME=1397.570547ms
