REQUESTS=100
AVG_GET_TIME=204.802106ms
AVG_ADD_TIME=1455.143856ms
