REQUESTS=40
AVG_GET_TIME=8.969245ms
AVG_ADD_TIME=40.675685ms
