REQUESTS=58
AVG_GET_TIME=11.024230ms
AVG_ADD_TIME=49.871478ms
