REQUESTS=50
AVG_GET_TIME=10.983425ms
AVG_ADD_TIME=45.239833ms
