REQUESTS=38
AVG_GET_TIME=5.763492ms
AVG_ADD_TIME=27.411576ms
