REQUESTS=100
AVG_GET_TIME=144.931756ms
AVG_ADD_TIME=2213.514099ms
