REQUESTS=100
AVG_GET_TIME=140.879134ms
AVG_ADD_TIME=2187.047748ms
