REQUESTS=100
AVG_GET_TIME=138.867255ms
AVG_ADD_TIME=2168.648409ms
