REQUESTS=100
AVG_GET_TIME=145.345507ms
AVG_ADD_TIME=2226.618809ms
