REQUESTS=12
AVG_GET_TIME=10.737414ms
AVG_ADD_TIME=200.382442ms
