REQUESTS=16
AVG_GET_TIME=12.143577ms
AVG_ADD_TIME=284.620736ms
