REQUESTS=12
AVG_GET_TIME=8.419307ms
AVG_ADD_TIME=148.099462ms
