REQUESTS=16
AVG_GET_TIME=14.547960ms
AVG_ADD_TIME=316.077688ms
