REQUESTS=100
AVG_GET_TIME=197.055895ms
AVG_ADD_TIME=1385.274633ms
