REQUESTS=100
AVG_GET_TIME=208.923713ms
AVG_ADD_TIME=1444.921233ms
