REQUESTS=100
AVG_GET_TIME=207.791960ms
AVG_ADD_TIME=1430.722260ms
