REQUESTS=100
AVG_GET_TIME=208.194890ms
AVG_ADD_TIME=1453.453106ms
