REQUESTS=8
AVG_GET_TIME=25.508530ms
AVG_ADD_TIME=367.491576ms
