REQUESTS=6
AVG_GET_TIME=17.235259ms
AVG_ADD_TIME=202.581418ms
