REQUESTS=12
AVG_GET_TIME=31.317092ms
AVG_ADD_TIME=518.190457ms
