REQUESTS=12
AVG_GET_TIME=32.640283ms
AVG_ADD_TIME=638.611484ms
